% 2x+5y+2z=-38
% 3x-2y+4z = 17
% -6x+y-7z=-12
A = [2, 5, 2; 3, -2, 4; -6, 1, -7];
B = [-38; 17; -12];
a1 = A(2,1)/A(1,1);
